date,day_index,new_blocks_total,new_blocks_atom,new_blocks_photon,new_blocks_spin,cumulative_blocks,daily_workloads,cumulative_workloads,workloads_new_blocks,workloads_older_blocks,perc_new_workloads,perc_old_workloads,cumulative_workloads_new,cumulative_workloads_old,acquisition_cost,lease_fee_cost,workload_trigger_cost,workload_execution_cost,total_daily_cost,cost_per_workload
2023-01-01,1,3771,3122,639,10,3771,34376896,34376896,34376896,0,100.0,0.0,34376896,0,754.2,12513883240917.602,343768.96,29469219891335.645,41983103476776.41,1221259.286375838
2023-01-02,2,9486,4840,134,4512,13257,45982578,80359474,23827558,22155020,51.818664886514185,48.18133511348581,58204454,22155020,1897.2,32351341329770.234,459825.78,139885918166589.83,172237259958083.03,3745706.9057346685
2023-01-03,3,1876,913,15,948,15133,14244351,94603825,8450901,5793450,59.32808732388018,40.67191267611982,66655355,27948470,375.20000000000005,36066403639569.48,142443.51,67739032963240.01,103805436745628.19,7287480.9631992495
2023-01-04,4,1299,876,378,45,16432,20429036,115032861,11911824,8517212,58.308301967846155,41.69169803215384,78567179,36465682,259.8,39961759986981.47,204290.36000000002,51579878844447.8,91541639035979.42,4480957.350898957
2023-01-05,5,5126,549,2572,2005,21558,39198726,154231587,22319484,16879242,56.93930971123908,43.06069028876092,100886663,53344924,1025.2,47483860722337.984,391987.26,182224734245737.03,229708595361087.47,5860103.600333528
2023-01-06,6,4937,795,785,3357,26495,18902537,173134124,10075503,8827034,53.30238475396186,46.69761524603814,110962166,62171958,987.4000000000001,53352930152649.07,189025.37,109781426810553.34,163134357153215.2,8630289.000530204
2023-01-07,7,5072,2510,614,1948,31567,35226248,208360372,19936770,15289478,56.59634826848434,43.40365173151566,130898936,77461436,1014.4000000000001,64754864441483.52,352262.48,159889352914004.0,224644217708764.4,6377182.653933635
2023-01-08,8,5170,2622,2085,463,36737,3021429,211381801,1804317,1217112,59.717339047185945,40.28266095281405,132703253,78678548,1034.0,78116083983277.89,30214.29,9585846949049.777,87701930963575.97,29026639.70047814
2023-01-09,9,1961,243,1679,39,38698,25913016,237294817,14527820,11385196,56.063794349526894,43.936205650473106,147231073,90063744,392.20000000000005,81919880925450.7,259130.16,82929892749579.86,164849773934552.94,6361659.095743735
2023-01-10,10,8905,740,7598,567,47603,34528415,271823232,20490806,14037609,59.34476285691075,40.65523714308925,167721879,104101353,1781.0,98288113776736.22,345284.15,115743266938889.1,214031381062690.47,6198702.751420546
2023-01-11,11,5597,3093,1918,586,53200,23479051,295302283,11999243,11479808,51.10616694005222,48.89383305994778,179721122,115581161,1119.4,113200406336934.56,234790.51,71480549496769.77,184680956069614.25,7865776.008988364
2023-01-12,12,4438,2493,1212,733,57638,47828899,343131182,26893804,20935095,56.22919314952243,43.77080685047757,206614926,136516256,887.6,124765354723199.2,478288.99,147879735727336.0,272645090929711.78,5700425.822674943
2023-01-13,13,6811,29,3625,3157,64449,8815654,351946836,4572534,4243120,51.86834692014909,48.13165307985091,211187460,140759376,1362.2,133022506148116.52,88156.54000000001,43104109591879.7,176126615829514.97,19978848.515324555
2023-01-14,14,9836,534,7320,1982,74285,44370160,396316996,22789588,21580572,51.3624201490371,48.6375798509629,233977048,162339948,1967.2,148910166050325.22,443701.60000000003,171771618127411.62,320681784623405.6,7227420.063921465
2023-01-15,15,6083,2267,2168,1648,80368,36965243,433282239,19080769,17884474,51.618134905808674,48.38186509419132,253057817,180224422,1216.6000000000001,161711942067026.22,369652.43,141285993313077.12,302997935750972.4,8196833.326673177
2023-01-16,16,2131,448,717,966,82499,31854986,465137225,18344830,13510156,57.58856713985057,42.411432860149425,271402647,193734578,426.20000000000005,165033826228027.22,318549.86,152727970557266.75,317761797104270.0,9975260.924750367
2023-01-17,17,2968,515,1926,527,85467,47704404,512841629,27264508,20439896,57.15302092444128,42.84697907555873,298667155,214174474,593.6,170497134309487.0,477044.04000000004,174591370147400.66,345088504934525.25,7233891.968014635
2023-01-18,18,8842,4611,3782,449,94309,37483315,550324944,21426016,16057299,57.16147571259372,42.83852428740628,320093171,230231773,1768.4,194319585630213.25,374833.15,102133749193651.61,296453335200466.44,7908941.22359419
2023-01-19,19,6953,1465,1643,3845,101262,37443572,587768516,20724736,16718836,55.34924926500068,44.65075073499932,340817907,246950609,1390.6000000000001,204373113397094.44,374435.72000000003,191191220050431.28,395564333823352.0,10564278.798597313
2023-01-20,20,1074,109,58,907,102336,19328133,607096649,10559028,8769105,54.63035669301324,45.36964330698676,351376935,255719714,214.8,205323685708702.2,193281.33000000002,124571164040658.23,329894849942856.56,17068117.75057925
2023-01-21,21,4806,2158,95,2553,107142,22605412,629702061,13430525,9174887,59.41287422675596,40.58712577324404,364807460,264894601,961.2,214568215512080.47,226054.12,111550065741787.02,326118281480882.8,14426557.741167594
2023-01-22,22,7531,1697,1657,4177,114673,2310236,632012297,1172759,1137477,50.76360164069818,49.236398359301816,365980219,266032078,1506.2,225501133365268.12,23102.36,11890143576760.969,237391276966637.66,102756288.52058303
2023-01-23,23,2375,2033,305,37,117048,41393710,673406007,23710330,17683380,57.28003119314504,42.71996880685495,389690549,283715458,475.0,233346739292766.62,413937.10000000003,95815541408404.9,329162281115583.6,7951987.901436804
2023-01-24,24,9484,234,3958,5292,126532,14438508,687844515,8520287,5918221,59.01085486118095,40.98914513881905,398210836,289633679,1896.8000000000002,243943649735820.97,144385.08000000002,80906672451956.73,324850322334059.6,22498884.395400107
2023-01-25,25,3015,606,1120,1289,129547,4719998,692564513,2687426,2032572,56.937015651277825,43.06298434872218,400898262,291666251,603.0,248823698191409.7,47199.98,23130178331251.438,271953876570464.1,57617371.145170845
2023-01-26,26,8777,7146,1517,114,138324,34511198,727075711,19949662,14561536,57.80634447984101,42.193655520159,420847924,306227787,1755.4,277306189823264.12,345111.98,82220504503646.83,359526694673778.3,10417682.245449094
2023-01-27,27,5412,3803,915,694,143736,48764048,775839759,24904132,23859916,51.07068223704479,48.9293177629552,445752056,330087703,1082.4,293020915980077.5,487640.48,149458142822468.84,442479059291269.25,9073878.757794457
2023-01-28,28,2708,78,2564,66,146444,22535375,798375134,12386839,10148536,54.966198698712574,45.03380130128742,458138895,340236239,541.6,297872830349515.94,225353.75,73003476673735.39,370876307249146.7,16457516.560037129
2023-01-29,29,3658,2001,1022,635,150102,11780084,810155218,6984187,4795897,59.288091663862495,40.711908336137505,465123082,345032136,731.6,307112980118453.2,117800.84,38034437565713.85,345147417802699.5,29299232.314701617
2023-01-30,30,7549,5521,732,1296,157651,21304754,831459972,11309225,9995529,53.083105301286274,46.916894698713726,476432307,355027665,1509.8000000000002,328895665439147.8,213047.54,66121941206503.63,395017606860208.8,18541289.275633447
2023-01-31,31,8229,3684,1000,3545,165880,2932334,834392306,1551317,1381017,52.903830191240154,47.096169808759846,477983624,356408682,1645.8000000000002,345614494881730.9,29323.34,12920844887728.895,358535339800428.9,122269611.7837971
2023-02-01,32,9172,8555,197,420,175052,17398634,851790940,10425780,6972854,59.9229801603965,40.0770198396035,488409404,363381536,1834.4,376448886203317.1,173986.34,37532057780987.97,413980944160125.75,23793876.24109604
2023-02-02,33,4593,1000,3197,396,179645,20143715,871934655,12028414,8115301,59.71298740078481,40.28701259921519,500437818,371496837,918.6,386101155248564.1,201437.15,64140192369362.91,450241347820282.75,22351455.42022823
2023-02-03,34,1491,717,456,318,181136,32175072,904109727,16612812,15562260,51.63255578728775,48.36744421271225,517050630,387059097,298.2,389695479659760.5,321750.72000000003,113053417369913.1,502748897351722.5,15625416.389176145
2023-02-04,35,8751,939,6903,909,189887,5765494,909875221,3316130,2449364,57.51684070783873,42.48315929216126,520366760,389508461,1750.2,405776635765672.94,57654.94,19317434469347.94,425094070294426.0,73730728.0684753
2023-02-05,36,6824,2895,3772,157,196711,9840365,919715586,5899371,3940994,59.95073353478249,40.0492664652175,526266131,393449455,1364.8000000000002,422943255036074.6,98403.65000000001,25256781176679.938,448200036312523.0,45547094.67713068
2023-02-06,37,9266,8792,192,282,205977,3775833,923491419,2187752,1588081,57.94090999257647,42.05909000742353,528453883,395037536,1853.2,455153868757395.2,37758.33,7629750390733.39,462783619187740.06,122564641.8122147
2023-02-07,38,4500,4127,161,212,210477,27914996,951406415,16551463,11363533,59.292371025236754,40.707628974763246,545005346,406401069,900.0,470485731190447.5,279149.96,57047197891250.734,527532929361748.2,18897832.883864578
2023-02-08,39,5350,1260,2260,1830,215827,24203831,975610246,12884048,11319783,53.23144092354636,46.76855907645364,557889394,417720852,1070.0,480024999449391.06,242038.31,97732865608123.05,577757865300622.4,23870513.11425131
2023-02-09,40,7774,3017,3141,1616,223601,26090511,1001700757,14969863,11120648,57.37665697693694,42.62334302306306,572859257,428841500,1554.8000000000002,497408868373961.7,260905.11000000002,87201278525933.02,584610147162354.6,22407002.575087726
2023-02-10,41,9198,27,8730,441,232799,7165884,1008866641,3612629,3553255,50.41428245279997,49.58571754720003,576471886,432394755,1839.6000000000001,513528957317201.44,71658.84,22886579446569.383,536415536837269.25,74856854.62355646
2023-02-11,42,9772,5187,2439,2146,242571,3073914,1011940555,1590148,1483766,51.730399744430066,48.269600255569934,578062034,433878521,1954.4,537496018544089.1,30739.14,10090689920552.697,547586708497335.3,178139892.16918084
2023-02-12,43,3032,754,15,2263,245603,45149901,1057090456,24187168,20962733,53.570810708975856,46.42918929102414,602249202,454841254,606.4,541334933839538.44,451499.01,257710774455331.47,799045708746975.2,17697618.179649502
2023-02-13,44,2108,537,392,1179,247711,18467643,1075558099,10892687,7574956,58.982551265475514,41.017448734524486,613141889,462416210,421.6,544593079055484.4,184676.43,94015534872074.22,638608614112656.6,34579865.66627136
2023-02-14,45,7593,640,6372,581,255304,9397384,1084955483,5573560,3823824,59.30969725191606,40.69030274808394,618715449,466240034,1518.6000000000001,558751862646080.0,93973.84,29594593948013.41,588346456689585.9,62607472.1102794
2023-02-15,46,4525,1651,431,2443,259829,36937415,1121892898,20741695,16195720,56.15361822152416,43.84638177847584,639457144,482435754,905.0,566691791418625.9,369374.15,178485859902877.66,745177651691782.6,20174060.68323359
2023-02-16,47,6054,2365,294,3395,265883,32754849,1154647747,16947208,15807641,51.73953938850397,48.26046061149603,656404352,498243395,1210.8,577348552491509.4,327548.49,156566274450779.3,733914827271048.0,22406295.546379957
2023-02-17,48,5122,241,2129,2752,271005,4423253,1159071000,2493323,1929930,56.36853691163495,43.63146308836506,658897675,500173325,1024.4,583375311989032.6,44232.53,23022118909449.344,606397430943738.9,137093092.10749167
2023-02-18,49,3074,2243,822,9,274079,23502620,1182573620,14042253,9460367,59.74760686255405,40.25239313744595,672939928,509633692,614.8000000000001,592829251706402.5,235026.2,49174061293650.3,642003313235693.8,27316244.454264835
2023-02-19,50,4794,1286,2378,1130,278873,39938899,1222512519,20277505,19661394,50.77131695593311,49.22868304406689,693217433,529295086,958.8000000000001,602292647902852.0,399388.99,147307155273824.03,749599803577023.8,18768664.69396224
2023-02-20,51,7673,664,1707,5302,286546,21153135,1243665654,12185007,8968128,57.60378780733919,42.396212192660805,705402440,538263214,1534.6000000000001,610241478096325.8,211531.35,122640399255632.55,732881877565024.2,34646489.87325161
2023-02-21,52,7949,4397,3365,187,294495,32959220,1276624874,19087735,13871485,57.91318787277127,42.08681212722874,724490175,552134699,1589.8000000000002,632343939696746.9,329592.2,81904189673167.45,714248129701096.4,21670662.403451793
2023-02-22,53,8649,5668,1696,1285,303144,36708274,1313333148,20570589,16137685,56.03801747802144,43.96198252197856,745060764,568272384,1729.8000000000002,656305753611583.2,367082.74,106740198696821.81,763045952677217.5,20786756.48648633
2023-02-23,54,9990,2416,4307,3267,313134,9176925,1322510073,4880469,4296456,53.18196454694791,46.81803545305209,749941233,572568840,1998.0,674239653660739.8,91769.25,37652843004301.984,711892496758809.0,77574187.07887544
2023-02-24,55,9532,6850,2640,42,322666,9444001,1331954074,5377464,4066537,56.940527642892036,43.05947235710797,755318697,576635377,1906.4,703611578292115.6,94440.01,20748729447004.71,724360307835466.8,76700575.08840445
2023-02-25,56,1205,1150,42,13,323871,20779004,1352733078,10856030,9922974,52.24518942293865,47.75481057706135,766174727,586558351,241.0,707902187093321.2,207790.04,42786353663439.22,750688540964791.5,36127262.93160112
2023-02-26,57,7408,4297,948,2163,331279,7006401,1359739479,3766597,3239804,53.75936946800505,46.24063053199496,769941324,589798155,1481.6000000000001,726348895869718.6,70064.01,24755961381364.473,751104857322628.8,107202664.72367607
2023-02-27,58,5696,966,2673,2057,336975,13296809,1373036288,7741328,5555481,58.21944197288237,41.78055802711763,777682652,595353636,1139.2,735674965023540.5,132968.09,57369407052459.33,793044372210107.2,59641705.931859836
2023-02-28,59,9844,6196,3258,390,346819,16536587,1389572875,9882133,6654454,59.75920545152395,40.24079454847605,787564785,602008090,1968.8000000000002,763960570200470.0,165365.87,39216320907357.16,803176891275161.8,48569689.21550509
2023-03-01,60,4579,2432,1484,663,351398,34195044,1423767919,19070130,15124914,55.76869560395945,44.23130439604055,806634915,617133004,915.8000000000001,775692483936158.0,341950.44,102306278100342.92,877998762379367.1,25676199.228735227
2023-03-02,61,4944,3454,514,976,356342,48317318,1472085237,25953349,22363969,53.71438249118049,46.28561750881951,832588264,639496973,988.8000000000001,789713025136364.5,483173.18,145400870683730.56,935113896304257.0,19353596.90917151
2023-03-03,62,1370,391,836,143,357712,15740413,1487825650,8927887,6812526,56.71952190835145,43.28047809164855,841516151,646309499,274.0,792721408403706.0,157404.13,48148829786482.13,840870238347866.2,53421103.90291959
2023-03-04,63,1838,760,839,239,359550,42132850,1529958500,22571585,19561265,53.57241439874112,46.427585601258876,864087736,665870764,367.6,797080190897474.9,421328.5,126562144516143.75,923642335835314.8,21922142.362439636
2023-03-05,64,4863,943,2888,1032,364413,22550150,1552508650,11574236,10975914,51.3266474945843,48.67335250541571,875661972,676846678,972.6,806271782301965.8,225501.5,81422829451560.95,887694611980000.9,39365352.86816278
2023-03-06,65,7396,899,5274,1223,371809,30275602,1582784252,15799149,14476453,52.18442559787911,47.815574402120895,891461121,691323131,1479.2,819594359926171.1,302756.02,105881638495813.95,925475998726220.4,30568376.43480121
2023-03-07,66,8338,652,5367,2319,380147,48643304,1631427556,28931840,19711464,59.477538779027014,40.522461220972986,920392961,711034595,1667.6000000000001,832715570947041.2,486433.04000000004,197066282676473.47,1029781854111615.4,21170063.90255924
2023-03-08,67,3258,277,2347,634,383405,8217223,1639644779,4347915,3869308,52.91221864126116,47.08778135873884,924740876,714903903,651.6,838240367366610.5,82172.23,30088940083997.195,868329307533431.6,105671868.40778589
2023-03-09,68,8433,5852,2363,218,391838,21190698,1660835477,10983854,10206844,51.83337519132215,48.166624808677845,935724730,725110747,1686.6000000000001,863848837259293.2,211906.98,50240256427079.25,914089093899966.1,43136337.17492298
2023-03-10,69,7028,3332,979,2717,398866,6991703,1667827180,4033831,2957872,57.694541658877675,42.305458341122325,939758561,728068619,1405.6000000000001,878927879326801.2,69917.03,28142054563188.48,907069933961312.4,129735192.4075311
2023-03-11,70,6704,63,1699,4942,405570,15389027,1683216207,8414026,6975001,54.67549052971316,45.32450947028685,948172587,735043620,1340.8000000000002,884560866447757.4,153890.27,91016009881600.1,975576876484588.5,63394318.33374446
2023-03-12,71,3103,282,1084,1737,408673,7815005,1691031212,4066765,3748240,52.03790656563879,47.96209343436121,952239352,738791860,620.6,888419029734648.9,78150.05,39699676834844.83,928118706648264.4,118761114.88710044
2023-03-13,72,5316,2828,2260,228,413989,2895214,1693926426,1567081,1328133,54.12660342206137,45.87339657793862,953806433,740119993,1063.2,902899520377033.1,28952.14,7543413882658.784,910442934289707.2,314464814.7907917
2023-03-14,73,6587,401,13,6173,420576,24331776,1718258202,14572663,9759113,59.89148921969362,40.108510780306375,968379096,749879106,1317.4,907322525534967.1,243317.76,171181145637644.88,1078503671417247.1,44324905.48233089
2023-03-15,74,7944,4747,3066,131,428520,43819245,1762077447,22808092,21011153,52.050399316556,47.949600683444,991187188,770890259,1588.8000000000002,930136706222388.4,438192.45,109632249625013.72,1039768956287183.4,23728591.31386639
2023-03-16,75,4269,555,3440,274,432789,29665950,1791743397,16184952,13480998,54.557335935643394,45.442664064356606,1007372140,784371257,853.8000000000001,938398061970082.0,296659.5,92545256986327.05,1030943319253922.2,34751737.91009296
2023-03-17,76,3319,85,44,3190,436108,2551733,1794295130,1410660,1141073,55.28242962723765,44.71757037276235,1008782800,785512330,663.8000000000001,940327173914276.5,25517.33,17791551283310.29,958118725223767.9,375477655.8612394
2023-03-18,77,8329,4704,364,3261,444437,27150489,1821445619,15675991,11474498,57.73741681043019,42.26258318956981,1024458791,796986828,1665.8000000000002,959533079885404.9,271504.89,109955309990086.27,1069488390148661.8,39391128.09896948
2023-03-19,78,3039,340,1142,1557,447476,6498332,1827943951,3401216,3097116,52.33983120591561,47.66016879408439,1027860007,800083944,607.8000000000001,963563744602359.5,64983.32,31563178539429.684,995126923207380.2,153135746.71275342
2023-03-20,79,4680,2002,1554,1124,452156,9757871,1837701822,5122081,4635790,52.49178842392976,47.50821157607023,1032982088,804719734,936.0,974262129330480.0,97578.71,34720825635449.97,1008982955064444.8,103401956.74491338
2023-03-21,80,7494,1502,2571,3421,459650,14547794,1852249616,7461096,7086698,51.28678616153074,48.71321383846926,1040443184,811806432,1498.8000000000002,985894659507286.1,145477.94,67596457485618.27,1053491117139881.1,72415867.1163395
2023-03-22,81,6607,1079,3235,2293,466257,11130130,1863379746,6604247,4525883,59.33665644516282,40.66334355483718,1047047431,816332315,1321.4,996765470103339.4,111301.3,47794935117885.99,1044560405333848.0,93849793.78801937
2023-03-23,82,1359,559,549,251,467616,37786522,1901166268,22596151,15190371,59.79949940881036,40.20050059118963,1069643582,831522686,271.8,999909284992769.4,377865.22000000003,124450121649214.55,1124359407020120.9,29755567.528022844
2023-03-24,83,1059,707,11,341,468675,10896034,1912062302,5742041,5153993,52.69844972950708,47.30155027049292,1075385623,836676679,211.8,1002639404946490.8,108960.34,40326081636094.47,1042965486691757.4,95719734.96886641
2023-03-25,84,3193,726,67,2400,471868,34736891,1946799193,20558873,14178018,59.18455108720006,40.81544891279994,1095944496,850854697,638.6,1006554089705525.5,347368.91000000003,210835031409556.75,1217389121463089.8,35046001.13646007
2023-03-26,85,8575,3545,4329,701,480443,8665867,1955465060,4375865,4290002,50.495409172561736,49.50459082743827,1100320361,855144699,1715.0,1027438300380671.6,86658.67,26013624645730.258,1053451925114775.5,121563361.76343066
2023-03-27,86,5201,2016,1474,1711,485644,4557637,1960022697,2378874,2178763,52.195337188986315,47.804662811013685,1102699235,857323462,1040.2,1038237482692442.2,45576.37,18063065356975.848,1056300548096034.8,231764958.04646897
2023-03-28,87,1237,1016,128,93,486881,16368940,1976391637,9540242,6828698,58.2825888542569,41.71741114574309,1112239477,864152160,247.4,1042146793744468.6,163689.4,38827620519677.17,1080974414428082.5,66038143.85220317
2023-03-29,88,7999,4027,2121,1851,494880,1076953,1977468590,546324,530629,50.728676181783236,49.271323818216764,1112785801,864682789,1599.8000000000002,1061468221885510.0,10769.53,3799317677717.0317,1065267539575596.2,989149516.8086224
2023-03-30,89,4804,1592,311,2901,499684,3291365,1980759955,1670282,1621083,50.74739507772611,49.25260492227389,1114456083,866303872,960.8000000000001,1069251055631219.6,32913.65,16681208817232.059,1085932264482326.0,329933709.7168883
2023-03-31,90,8553,241,4489,3823,508237,22925807,2003685762,12844490,10081317,56.02633748072642,43.97366251927359,1127300573,876385189,1710.6000000000001,1079949383705154.6,229258.07,112325846667426.53,1192275230603550.0,52005812.95147211
2023-04-01,91,8073,4976,2741,356,516310,28277698,2031963460,15012106,13265592,53.08814741567719,46.91185258432281,1142312679,889650781,1614.6000000000001,1102966627182641.0,282776.98,74109890276440.34,1177076517743473.0,41625613.15081139
2023-04-02,92,9357,2475,2605,4277,525667,12115246,2044078706,7075721,5039525,58.40344471750718,41.59655528249282,1149388400,894690306,1871.4,1118579671385865.5,121152.46,57392709437008.484,1175972380945897.8,97065497.55125879
2023-04-03,93,4566,32,1792,2742,530233,44882125,2088960831,26142420,18739705,58.24684103081127,41.75315896918874,1175530820,913430011,913.2,1123230245557634.4,448821.25,251400039434934.06,1374630285442303.0,30627566.886423115
2023-04-04,94,9708,1007,2026,6675,539941,38049606,2127010437,22159911,15889695,58.239528157006404,41.76047184299359,1197690731,929319706,1941.6000000000001,1133855871979949.0,380496.06,226043949081403.06,1359899821443789.5,35740181.421163455
2023-04-05,95,4111,2962,200,949,544052,35967873,2162978310,20265797,15702076,56.34416302570908,43.65583697429092,1217956528,945021782,822.2,1145310678600419.0,359678.73,117733322285908.67,1263044001246828.8,35115893.59890224
2023-04-06,96,2313,1153,785,375,546365,9466200,2172444510,5294738,4171462,55.933088250829265,44.066911749170735,1223251266,949193244,462.6,1150988736463261.8,94662.0,30091380278406.098,1181080116836792.2,124768134.71475272
2023-04-07,97,2197,1000,878,319,548562,6966856,2179411366,3558222,3408634,51.07356890970619,48.92643109029382,1226809488,952601878,439.40000000000003,1156357721353609.2,69668.56,22363081086967.844,1178720802510685.0,169189775.4899319
2023-04-08,98,4604,1636,1301,1667,553166,7879327,2187290693,3963149,3916178,50.29806479665078,49.701935203349215,1230772637,956518056,920.8000000000001,1165365794316976.5,78793.27,32573743459508.96,1197939537856199.5,152035768.77266288
2023-04-09,99,6467,3478,417,2572,559633,1046852,2188337545,607529,439323,58.033895908877284,41.966104091122716,1231380166,956957379,1293.4,1179848853004140.2,10468.52,4419277082665.244,1184268130098567.5,1131266052.984154
2023-04-10,100,3526,1398,400,1728,563159,42197164,2230534709,25208200,16988964,59.73908578311092,40.26091421688908,1256588366,973946343,705.2,1186472208480086.5,421971.64,204175909796731.03,1390648118699494.5,32955961.65418829
2023-04-11,101,9042,5589,1554,1899,572201,27980762,2258515471,14051550,13929212,50.21861091559979,49.7813890844002,1270639916,987875555,1808.4,1210036360553413.2,279807.62,94081210502071.9,1304117571337101.2,46607650.33265003
2023-04-12,102,6981,900,5671,410,579182,24981290,2283496761,14096171,10885119,56.426913902364525,43.573086097635475,1284736087,998760674,1396.2,1223670389870962.0,249812.9,80013929270982.34,1303684319393153.5,52186429.099264026
2023-04-13,103,7983,7037,433,513,587165,39340385,2322837146,22907039,16433346,58.22779568629031,41.772204313709686,1307643126,1015194020,1596.6000000000001,1250000283347397.0,393403.85000000003,91499719517270.56,1341500003259667.8,34099818.882292785
2023-04-14,104,7059,4537,2063,459,594224,39994531,2362831677,21976661,18017870,54.949165424642686,45.05083457535732,1329619787,1033211890,1411.8000000000002,1270321479344778.5,399945.31,106124714972123.14,1376446194718258.8,34415860.37646644
2023-04-15,105,3945,2210,1571,164,598169,20922264,2383753941,11992186,8930078,57.31782181890067,42.68217818109933,1341611973,1042141968,789.0,1280945256943284.8,209222.64,53726634131199.2,1334671891284495.8,63791943.896917455
2023-04-16,106,7404,1533,1199,4672,605573,35165822,2418919763,17921311,17244511,50.962297994911076,49.03770200508892,1359533284,1059386479,1480.8000000000002,1290754497458219.8,351658.22000000003,188198053899534.03,1478952551710892.8,42056532.95153723
2023-04-17,107,4277,2089,444,1744,609850,25854316,2444774079,13263699,12590617,51.30168208665818,48.69831791334182,1372796983,1071977096,855.4000000000001,1299989979263404.2,258543.16,108021713864204.48,1408011693387007.5,54459444.73591982
2023-04-18,108,8770,1098,7149,523,618620,7424807,2452198886,3741608,3683199,50.39333682343528,49.60666317656472,1376538591,1075660295,1754.0,1317154457624938.8,74248.07,24167618428226.906,1341322076129167.8,180654133.653463
2023-04-19,109,8580,6046,871,1663,627200,12927933,2465126819,6829403,6098530,52.826720249865154,47.173279750134846,1383367994,1081758825,1716.0,1341146496855406.8,129279.33,40324300740877.76,1381470797727279.8,106859371.69749254
2023-04-20,110,8915,2457,3355,3103,636115,29664819,2494791638,17423200,12241619,58.73354561846475,41.26645438153525,1400791194,1094000444,1783.0,1357604977466643.0,296648.19,126363189022046.9,1483968166787121.2,50024514.4521907
2023-04-21,111,6103,575,4187,1341,642218,32076091,2526867729,16060877,16015214,50.07117918452095,49.92882081547904,1416852071,1110015658,1220.6000000000001,1367919751926402.8,320760.91000000003,124871426802139.66,1492791179050524.0,46539061.72826745
2023-04-22,112,1243,106,151,986,643461,5009066,2531876795,2614648,2394418,52.19831401702433,47.80168598297567,1419466719,1112410076,248.60000000000002,1369026373935557.2,50090.66,30172261441191.66,1399198635427088.2,279333240.05455077
2023-04-23,113,3890,1440,119,2331,647351,14102744,2545979539,7315516,6787228,51.87299719827574,48.12700280172426,1426782235,1119197304,778.0,1375480346872922.5,141027.44,71228922918444.75,1446709269933172.8,102583530.54789712
2023-04-24,114,4849,1039,52,3758,652200,11054351,2557033890,6613389,4440962,59.826117336060705,40.173882663939295,1433395624,1123638266,969.8000000000001,1381185333163623.5,110543.51000000001,68364917760955.57,1449550251036092.2,131129385.25618485
2023-04-25,115,7244,1948,4953,343,659444,9266535,2566300425,4879280,4387255,52.65484887285269,47.34515112714731,1438274904,1128025521,1448.8000000000002,1397211002731520.5,92665.35,28185442080226.344,1425396444905860.8,153821945.84122983
2023-04-26,116,6282,3343,2564,375,665726,28073032,2594373457,14247392,13825640,50.75116930725545,49.248830692744555,1452522296,1141851161,1256.4,1414032642673997.0,280730.32,79144798723200.56,1493177441679184.2,53189033.57781889
2023-04-27,117,2263,1885,297,81,667989,1050910,2595424367,558958,491952,53.18799897231923,46.81200102768077,1453081254,1142343113,452.6,1421497348836423.0,10509.1,2492931353016.5986,1423990280200401.0,1355006879.942527
2023-04-28,118,7250,5790,1375,85,675239,14933149,2610357516,7484624,7448525,50.120868679472764,49.879131320527236,1460565878,1149791638,1450.0,1444734517131409.2,149331.49,35523730989844.586,1480258248272035.2,99125659.85058042
2023-04-29,119,2753,355,936,1462,677992,48381589,2658739105,24927476,23454113,51.522648419009144,48.477351580990856,1485493354,1173245751,550.6,1448374726976522.0,483815.89,242113504674812.44,1690488232135701.0,34940734.008048
2023-04-30,120,7743,719,2334,4690,685735,30203634,2688942739,17865666,12337968,59.150716764744274,40.849283235255726,1503359020,1185583719,1548.6000000000001,1457518108967446.2,302036.34,169241382784423.5,1626759492055454.5,53859727.34457895
2023-05-01,121,3384,182,1837,1365,689119,3571929,2692514668,2125978,1445951,59.51904419152788,40.48095580847212,1505484998,1187029670,676.8000000000001,1462201208363098.0,35719.29,16982686492389.34,1479183894891883.2,414113464.99101275
2023-05-02,122,9068,1553,6635,880,698187,22857925,2715372593,13568349,9289576,59.35949566725763,40.64050433274237,1519053347,1196319246,1813.6000000000001,1480326453286402.2,228579.25,74085429259779.47,1554411882776574.5,68003192.88721852
2023-05-03,123,9083,8637,108,338,707270,33297514,2748670107,19681135,13616379,59.10692011421633,40.89307988578367,1538734482,1209935625,1816.6000000000001,1511740738710292.2,332975.14,69102202582755.62,1580842941627839.5,47476305.33702424
2023-05-04,124,5646,2296,283,3067,712916,22326934,2770997041,12700527,9626407,56.88433082661507,43.11566917338494,1551435009,1219562032,1129.2,1521992445528209.8,223269.34,109204189521835.05,1631196635274443.2,73059589.60932313
2023-05-05,125,8160,390,5041,2729,721076,10308966,2781306007,5539077,4769889,53.73067483198606,46.26932516801394,1556974086,1224331921,1632.0,1533934194401109.8,103089.66,45651249830593.914,1579585444336425.5,153224430.4944284
2023-05-06,126,3716,2176,922,618,724792,35291135,2816597142,19480699,15810436,55.19997869153259,44.80002130846741,1576454785,1240142357,743.2,1543826856193291.0,352911.35000000003,111690591563504.33,1655517448110449.8,46910292.00705644
2023-05-07,127,7825,1876,709,5240,732617,37500295,2854097437,21277036,16223259,56.73831632524491,43.26168367475509,1597731821,1256365616,1565.0,1554392421615004.2,375002.95,213001875360478.3,1767394297352050.5,47130143.83892315
2023-05-08,128,2591,1375,455,761,735208,29167516,2883264953,17388418,11779098,59.615697133756605,40.384302866243395,1615120239,1268144714,518.2,1560564085114541.2,291675.16000000003,107284293989330.7,1667848379396065.5,57181707.876531735
2023-05-09,129,9376,267,15,9094,744584,31974120,2915239073,17827374,14146746,55.75563612071262,44.24436387928738,1632947613,1282291460,1875.2,1565970605358678.2,319741.2,226831042019500.72,1792801647699795.5,56070398.42534511
2023-05-10,130,8949,3278,5517,154,753533,47433246,2962672319,24362946,23070300,51.3625949191839,48.6374050808161,1657310559,1305361760,1789.8000000000002,1587675172336283.2,474332.46,135723246690478.97,1723398419502884.5,36333132.661907315
2023-05-11,131,4252,1343,466,2443,757785,43850112,3006522431,25989387,17860725,59.268690123300026,40.731309876699974,1683299946,1323222485,850.4000000000001,1594351271793495.2,438501.12,231756743800306.78,1826108016033153.5,41644318.17262299
2023-05-12,132,2867,636,111,2120,760652,5542470,3012064901,3022156,2520314,54.5272414645456,45.47275853545441,1686322102,1325742799,573.4,1597883165182518.0,55424.700000000004,33019163903788.086,1630902329142304.2,294255508.6707378
2023-05-13,133,6006,3935,495,1576,766658,45041694,3057106595,26223697,18817997,58.22093858192812,41.77906141807189,1712545799,1344560796,1201.2,1613502252807062.0,450416.94,158481231225206.12,1771983484483886.5,39340960.05545188
2023-05-14,134,7507,3653,527,3327,774165,7785791,3064892386,4288756,3497035,55.08439669135738,44.91560330864262,1716834555,1348057831,1501.4,1629245829535260.8,77857.91,34305090688687.875,1663550920303308.0,213664985.39497244
2023-05-15,135,4990,964,1738,2288,779155,37563161,3102455547,21223786,16339375,56.50159740283838,43.498402597161615,1738058341,1364397206,998.0,1637132508978218.5,375631.61,183211047069111.28,1820343556423959.2,48460872.51347029
2023-05-16,136,6626,3124,2950,552,785781,37418390,3139873937,18834770,18583620,50.33559701526442,49.66440298473558,1756893111,1382980826,1325.2,1654056181703447.0,374183.9,114617058271076.36,1768673240350032.5,47267486.397732034
2023-05-17,137,8138,2877,508,4753,793919,28861031,3168734968,17311825,11549206,59.983390752742,40.016609247258,1774204936,1394530032,1627.6000000000001,1667793656218203.2,288610.31,153401291405820.8,1821194947914261.8,63102213.77449273
2023-05-18,138,3189,2081,1103,5,797108,1869712,3170604680,1003790,865922,53.686877979068434,46.313122020931566,1775208726,1395395954,637.8000000000001,1677339948814474.2,18697.12,4634224373522.908,1681974173207332.0,899589976.0002246
2023-05-19,139,6558,1076,5044,438,803666,18961142,3189565822,9667553,9293589,50.986132586317844,49.01386741368215,1784876279,1404689543,1311.6000000000001,1690289237239659.8,189611.42,62189891033709.58,1752479128464292.2,92424766.844966
2023-05-20,140,6301,1418,1209,3674,809967,47989022,3237554844,26379153,21609869,54.96914065054295,45.030859349457046,1811255432,1426299412,1260.2,1699101487200566.0,479890.22000000003,252157317789956.34,1951258805471672.8,40660524.51478742
2023-05-21,141,3691,145,3045,501,813658,21587665,3259142509,11061849,10525816,51.241526121514305,48.758473878485695,1822317281,1436825228,738.2,1705388806632578.0,215876.65,79687836713650.3,1785076643562843.2,82689658.35641989
2023-05-22,142,9789,393,4970,4426,823447,34963715,3294106224,18688767,16274948,53.45189148235535,46.54810851764465,1841006048,1453100176,1957.8000000000002,1717902655516928.2,349637.15,173625227625353.34,1891527883493876.5,54099739.787201576
2023-05-23,143,3032,286,1440,1306,826479,25329234,3319435458,14512254,10816980,57.294484310105865,42.705515689894135,1855518302,1463917156,606.4,1722100669585849.5,253292.34,124809853250869.47,1846910523090617.8,72916161.73985434
2023-05-24,144,8617,1677,4498,2442,835096,30102440,3349537898,15973151,14129289,53.06264542010548,46.93735457989452,1871491453,1478046445,1723.4,1737366210555765.8,301024.4,123209364233063.39,1860575575091577.2,61808131.669445306
2023-05-25,145,6280,1929,1640,2711,841376,6885871,3356423769,3860412,3025459,56.062798736717546,43.93720126328245,1875351865,1481071904,1256.0,1748601106445114.5,68858.71,31762515373353.094,1780363621888582.2,258553147.7264942
2023-05-26,146,3552,1052,1832,668,844928,38187511,3394611280,19401606,18785905,50.806154923267975,49.193845076732025,1894753471,1499857809,710.4000000000001,1755894566655377.0,381875.11,137329892112516.45,1893224459150479.0,49577058.29925598
2023-05-27,147,8847,3846,284,4717,853775,31005204,3425616484,17416815,13588389,56.17384423595472,43.82615576404529,1912170286,1513446198,1769.4,1772125826446525.5,310052.04,151097087870093.12,1923222914628440.0,62029035.98468309
2023-05-28,148,6569,566,3992,2011,860344,29932818,3455549302,16563034,13369784,55.33402835643473,44.665971643565264,1928733320,1526815982,1313.8000000000002,1782404726920301.0,299328.18,130369261327163.84,1912773988548106.8,63902235.61804661
2023-05-29,149,1602,26,1243,333,861946,17705616,3473254918,8913463,8792153,50.342574920861274,49.65742507913873,1937646783,1535608135,320.40000000000003,1784921163802967.8,177056.16,71188452643877.78,1856109616624222.2,104831688.24085094
2023-05-30,150,5302,1173,348,3781,867248,27690501,3500945419,16263156,11427345,58.73189510005615,41.26810489994385,1953909939,1547035480,1060.4,1791501018286069.2,276905.01,165033755404361.22,1956534773968396.0,70657254.41256538
2023-05-31,151,2503,1000,225,1278,869751,18950644,3519896063,9571487,9379157,50.50744977321088,49.49255022678913,1963481426,1556414637,500.6,1796187660226230.8,189506.44,90232192921080.78,1886419853337318.5,99543838.8973651
2023-06-01,152,2105,87,936,1082,871856,14566398,3534462461,8417798,6148600,57.789152815953535,42.210847184046465,1971899224,1562563237,421.0,1798705713950692.8,145663.98,77674214042066.72,1876379928138844.5,128815643.2454231
2023-06-02,153,3528,1551,235,1742,875384,22196730,3556659191,11765237,10431493,53.00437046357729,46.995629536422705,1983664461,1572994730,705.6,1805603095326073.0,221967.30000000002,104300323945991.6,1909903419494737.2,86044359.66445225
2023-06-03,154,2018,112,263,1643,877402,42743249,3599402440,22596813,20146436,52.866390666745986,47.13360933325401,2006261274,1593141166,403.6,1807332044709286.8,427432.49,278756610853037.0,2086088655990159.8,48805102.672240935
2023-06-04,155,3133,384,564,2185,880535,44393235,3643795675,25867020,18526215,58.26793203964523,41.73206796035477,2032128294,1611667381,626.6,1810733793773255.5,443932.35000000003,267883089478651.0,2078616883696465.2,46822829.73287406
2023-06-05,156,3670,424,1227,2019,884205,43285072,3687080747,25417343,17867729,58.72080563941305,41.27919436058695,2057545637,1629535110,734.0,1815453157935456.2,432850.72000000003,232905141415824.56,2048358299784865.5,47322511.090772025
2023-06-06,157,7760,3751,2138,1871,891965,10290145,3697370892,5937664,4352481,57.70243276455288,42.29756723544712,2063483301,1633887591,1552.0,1833620685942267.8,102901.45,37507627494638.42,1871128313541359.8,181836923.92491648
2023-06-07,158,1491,1031,74,386,893456,30232862,3727603754,15579577,14653285,51.53192906447296,48.46807093552704,2079062878,1648540876,298.2,1837632150164368.2,302328.62,106700016912446.25,1944332167379441.2,64311879.15254074
2023-06-08,159,9998,6565,2443,990,903454,22453446,3750057200,12186430,10267016,54.27420806587996,45.725791934120046,2091249308,1658807892,1999.6000000000001,1866038776512738.0,224534.46,65226068121889.21,1931264844861161.2,86011957.57930258
2023-06-09,160,5807,1821,2296,1690,909261,44373108,3794430308,25498727,18874381,57.46437008649473,42.53562991350527,2116748035,1677682273,1161.4,1877545099904155.8,443731.08,180145546266952.7,2057690646616001.0,46372470.61026244
2023-06-10,161,7776,6251,879,646,917037,14219464,3808649772,8357653,5861811,58.776146555172545,41.223853444827455,2125105688,1683544084,1555.2,1902084047941091.8,142194.64,36178614367270.4,1938262662452112.2,136310529.1769164
2023-06-11,162,1756,987,455,314,918793,18653087,3827302859,10977895,7675192,58.852966267728235,41.14703373227177,2136083583,1691219276,351.20000000000005,1906512733430472.5,186530.87,60317418754279.08,1966830152371633.5,105442608.63478702
2023-06-12,163,8568,4734,2539,1295,927361,34985038,3862287897,20455489,14529549,58.46924905441006,41.530750945589936,2156539072,1705748825,1713.6000000000001,1928749974298847.5,349850.38,109286293517558.2,2038036268167969.8,58254510.63303032
2023-06-13,164,1892,690,305,897,929253,24506040,3886793937,14340453,10165587,58.51803473755858,41.48196526244142,2170879525,1715914412,378.40000000000003,1932148785989147.0,245060.4,117042351935075.14,2049191138169661.2,83619839.76887581
2023-06-14,165,6446,2596,1693,2157,935699,18797654,3905591591,11220472,7577182,59.690810353249404,40.309189646750596,2182099997,1723491594,1289.2,1945382777533929.2,187976.54,76819020485075.94,2022201798208271.0,107577349.71652691
2023-06-15,166,7045,6394,304,347,942744,4960119,3910551710,2769267,2190852,55.830656482233586,44.16934351776641,2184869264,1725682446,1409.0,1969321953803696.8,49601.19,11752965316945.885,1981074919171653.0,399400683.5665945
2023-06-16,167,5927,5017,54,856,948671,7633052,3918184762,4519611,3113441,59.21106000587969,40.788939994120305,2189388875,1728795887,1185.4,1987755790387595.2,76330.52,20888915792418.35,2008644706257529.5,263150926.55696955
2023-06-17,168,3834,1043,992,1799,952505,26159219,3944343981,13189241,12969978,50.41909316940999,49.58090683059001,2202578116,1741765865,766.8000000000001,1994224256735849.8,261592.19,123625644033487.88,2117849901031696.5,80959982.06336728
2023-06-18,169,9376,8366,328,682,961881,20642973,3964986954,12035109,8607864,58.30123887678388,41.698761123216116,2214613225,1750373729,1875.2,2025251954792150.0,206429.73,49270951255093.66,2074522906255548.8,100495355.30834384
2023-06-19,170,7196,5114,710,1372,969077,32174368,3997161322,18863191,13311177,58.62800786016994,41.37199213983006,2233476416,1763684906,1439.2,2045528067779631.5,321743.68,99647745790768.19,2145175813893582.8,66673440.60631067
2023-06-20,171,4367,811,2935,621,973444,29256525,4026417847,15201010,14055515,51.95767439912977,48.042325600870235,2248677426,1777740421,873.4000000000001,2054020850288367.8,292565.25,103608262585084.4,2157629113166891.0,73748646.26495768
2023-06-21,172,5368,993,197,4178,978812,39470369,4065888216,22276317,17194052,56.43807637065669,43.56192362934332,2270953743,1794934473,1073.6000000000001,2059855101410431.2,394703.69,244288537046970.34,2304143638853179.0,58376541.62425436
2023-06-22,173,3300,2229,222,849,982112,20842174,4086730390,10500496,10341678,50.38100152124245,49.61899847875754,2281454239,1805276151,660.0,2068776656021978.2,208421.74,72726702968166.77,2141503359199226.8,102748559.68476354
2023-06-23,174,5924,3039,211,2674,988036,6410860,4093141250,3245474,3165386,50.6246275850666,49.37537241493341,2284699713,1808441537,1184.8,2081330471968311.2,64108.6,28292387880840.16,2109622859914444.8,329070180.89842
2023-06-24,175,1215,190,620,405,989251,37431539,4130572789,21110504,16321035,56.397638365871096,43.60236163412891,2305810217,1824762572,243.0,2083330214865141.2,374315.39,160795507456024.53,2244125722695724.2,59952804.043021694
2023-06-25,176,7551,3660,2887,1004,996802,1351488,4131924277,791053,560435,58.53200324383199,41.46799675616802,2306601270,1825323007,1510.2,2102440341122629.0,13514.880000000001,4203271354756.642,2106643612492411.0,1558758651.5695374
2023-06-26,177,8435,3695,2384,2356,1005237,41422698,4173346975,23586184,17836514,56.94024083124668,43.059759168753324,2330187454,1843159521,1687.0,2121129009945655.5,414226.98,158134518959235.16,2279263529320804.5,55024506.83730945
2023-06-27,178,6130,2232,3366,532,1011367,23454323,4196801298,12699188,10755135,54.144338337968655,45.855661662031345,2342886642,1853914656,1226.0,2135508618677935.0,234543.23,73046776908452.2,2208555395822156.5,94164107.6496711
2023-06-28,179,5536,1029,1993,2514,1016903,6843520,4203644818,3905384,2938136,57.06688955391378,42.933110446086225,2346792026,1856852792,1107.2,2143971889824370.0,68435.2,33408248501642.375,2177380138395555.0,318166694.68278825
2023-06-29,180,5716,1566,1711,2439,1022619,15880833,4219525651,8231275,7649558,51.83150657147518,48.16849342852481,2355023301,1864502350,1143.2,2153840644723049.2,158808.33000000002,72637714289545.77,2226478359172546.5,140199091.51947802
